2 1 0.102092
2 0 0.101270
3 0 0.308765
3 2 0.308409
3 1 0.309239
4 3 0.460493
4 2 0.460108
4 0 0.459818
4 1 0.460317
5 4 0.511048
5 0 0.510798
5 3 0.511204
5 1 0.510917
5 2 0.511274
6 3 0.678876
6 5 0.678897
6 1 0.678891
6 4 0.678775
6 0 0.678566
6 2 0.678542
7 1 0.729676
7 3 0.729814
7 0 0.729466
7 6 0.729364
7 4 0.729566
7 5 0.729895
7 2 0.729903
8 0 0.837160
8 4 0.837656
8 2 0.837656
8 6 0.837607
8 5 0.837562
8 1 0.837211
8 3 0.837003
8 7 0.837506
9 7 0.874834
9 1 0.875218
9 5 0.874769
9 3 0.874669
9 4 0.875044
9 8 0.873843
9 6 0.874612
9 0 0.874926
9 2 0.875265
10 3 1.081988
10 5 1.081782
10 1 1.081385
10 4 1.082076
10 6 1.082114
10 2 1.082008
10 0 1.081303
10 8 1.080521
10 7 1.081542
10 9 1.079310
11 0 1.101410
11 6 1.101150
11 3 1.101136
11 8 1.100525
11 10 1.100555
11 1 1.101324
11 9 1.094675
11 7 1.101075
11 4 1.101365
11 2 1.101175
11 5 1.101129
12 7 1.279875
12 5 1.279927
12 10 1.278442
12 2 1.279862
12 0 1.279846
12 8 1.279157
12 3 1.279912
12 1 1.279725
12 4 1.279808
12 6 1.279938
12 11 1.277000
12 9 1.278077
13 7 1.292001
13 9 1.289240
13 12 1.290650
13 0 1.291978
13 6 1.291955
13 2 1.291922
13 8 1.291507
13 4 1.292005
13 1 1.292043
13 10 1.289017
13 11 1.288567
13 3 1.292002
13 5 1.292133
14 11 1.508187
14 7 1.511206
14 6 1.499832
14 5 1.510990
14 8 1.509798
14 4 1.511056
14 10 1.510167
14 12 1.509841
14 1 1.511245
14 9 1.508636
14 0 1.511210
14 3 1.511150
14 13 1.509607
14 2 1.511188
15 10 1.462616
15 2 1.463221
15 11 1.460718
15 3 1.463244
15 14 1.462113
15 8 1.462256
15 0 1.462978
15 13 1.458901
15 9 1.460040
15 12 1.462552
15 4 1.463134
15 6 1.462902
15 1 1.463207
15 5 1.463133
15 7 1.463312
16 6 1.573478
16 8 1.573486
16 10 1.573099
16 14 1.573485
16 5 1.573485
16 9 1.573362
16 0 1.573453
16 3 1.573291
16 4 1.573512
16 12 1.573249
16 2 1.573485
16 15 1.573210
16 13 1.573493
16 11 1.573517
16 7 1.573550
16 1 1.573512
17 10 1.594307
17 2 1.592543
17 5 1.594325
17 8 1.594348
17 9 1.594426
17 3 1.594360
17 4 1.594284
17 6 1.594388
17 11 1.594410
17 16 1.593333
17 13 1.594268
17 15 1.594394
17 12 1.594399
17 0 1.594347
17 7 1.594421
17 14 1.594027
17 1 1.594319
18 11 1.815478
18 12 1.815454
18 6 1.815207
18 4 1.814953
18 9 1.815383
18 7 1.815421
18 2 1.815291
18 14 1.815452
18 16 1.812089
18 15 1.815431
18 13 1.815256
18 3 1.815212
18 10 1.815319
18 8 1.814416
18 5 1.815216
18 0 1.815346
18 1 1.815374
18 17 1.811970
19 2 1.834601
19 16 1.834881
19 4 1.834844
19 6 1.834909
19 18 1.834010
19 0 1.834849
19 11 1.834933
19 12 1.834809
19 15 1.835016
19 10 1.834935
19 14 1.834862
19 8 1.834857
19 7 1.834999
19 17 1.828978
19 9 1.834836
19 13 1.834895
19 1 1.834774
19 3 1.835005
19 5 1.829879
20 18 2.048958
20 4 2.036774
20 5 2.049518
20 13 2.049555
20 3 2.036544
20 1 2.049624
20 19 2.046743
20 11 2.049802
20 17 2.047325
20 8 2.049001
20 10 2.049644
20 14 2.049393
20 0 2.049700
20 16 2.049191
20 12 2.049669
20 2 2.049661
20 9 2.049598
20 6 2.049655
20 15 2.049649
20 7 2.049639
21 12 2.034850
21 19 2.029773
21 20 2.021859
21 6 2.020539
21 14 2.034915
21 5 2.034825
21 3 2.034703
21 9 2.035064
21 13 2.035066
21 4 2.035006
21 16 2.034383
21 10 2.035016
21 2 2.034871
21 8 2.034951
21 18 2.034578
21 15 2.022675
21 11 2.034951
21 17 2.032706
21 1 2.034815
21 7 2.034573
21 0 2.034920
22 7 2.208901
22 0 2.209004
22 16 2.207934
22 6 2.209090
22 14 2.208848
22 8 2.209181
22 2 2.208946
22 13 2.209131
22 19 2.207315
22 18 2.208472
22 1 2.209123
22 5 2.208855
22 20 2.208738
22 15 2.209194
22 9 2.209047
22 4 2.209004
22 12 2.209104
22 3 2.208913
22 21 2.206583
22 17 2.206225
22 11 2.209133
22 10 2.208961
23 18 2.231053
23 22 2.231447
23 14 2.231785
23 16 2.231450
23 5 2.231929
23 10 2.214888
23 6 2.231823
23 1 2.231988
23 15 2.231874
23 2 2.232023
23 4 2.231858
23 19 2.230058
23 8 2.231834
23 7 2.231901
23 20 2.231173
23 0 2.231947
23 3 2.231800
23 12 2.222917
23 9 2.231966
23 21 2.226816
23 17 2.229720
23 13 2.231981
23 11 2.231998
24 8 2.636671
24 22 2.640906
24 12 2.641217
24 20 2.640624
24 16 2.640644
24 10 2.641296
24 18 2.641032
24 7 2.641185
24 14 2.641312
24 15 2.641226
24 2 2.641149
24 9 2.635674
24 19 2.631769
24 4 2.639064
24 13 2.633461
24 0 2.639584
24 21 2.639013
24 23 2.637472
24 3 2.641148
24 17 2.639556
24 11 2.641027
24 5 2.624735
24 1 2.641163
24 6 2.640976
25 24 2.816534
25 14 2.816515
25 22 2.804090
25 16 2.809916
25 21 2.814236
25 12 2.815132
25 2 2.816488
25 20 2.815209
25 4 2.816527
25 9 2.816702
25 15 2.804273
25 0 2.816537
25 23 2.816170
25 18 2.816326
25 3 2.816559
25 5 2.816687
25 8 2.816465
25 6 2.816319
25 10 2.816552
25 19 2.814533
25 11 2.804316
25 17 2.814852
25 13 2.816662
25 7 2.816487
25 1 2.816504
26 25 3.011578
26 24 3.011749
26 10 3.011651
26 16 3.010444
26 20 3.011505
26 19 3.008779
26 0 3.011484
26 5 3.011546
26 18 3.011187
26 12 3.011640
26 6 3.004523
26 22 2.999344
26 17 2.994701
26 11 3.011609
26 15 3.011463
26 4 3.011461
26 3 3.011491
26 14 3.010326
26 8 3.011664
26 2 3.011593
26 13 3.011534
26 23 3.011309
26 7 3.011646
26 21 3.009435
26 1 3.011574
26 9 3.011656
27 25 3.025032
27 24 3.025313
27 26 3.025359
27 20 3.024785
27 13 3.025212
27 10 3.024845
27 11 3.025343
27 15 3.025344
27 12 3.025424
27 3 3.025295
27 2 3.025308
27 18 3.024902
27 4 3.025092
27 16 3.024814
27 0 3.025372
27 1 3.012449
27 22 3.012141
27 14 3.024947
27 6 3.025378
27 5 3.025383
27 7 3.025227
27 8 3.012550
27 19 3.022984
27 23 3.024392
27 17 3.009949
27 9 3.025148
27 21 3.021959
28 25 3.243930
28 8 3.243326

28 26 3.244063
28 24 3.244027
28 20 3.242789
28 12 3.243985
28 4 3.232130
28 2 3.243857
28 6 3.231170
28 15 3.243972
28 16 3.243648
28 18 3.243173
28 7 3.243534
28 23 3.242784
28 22 3.243214
28 3 3.243808
28 19 3.241816
28 10 3.243853
28 14 3.243976
28 17 3.241052
28 13 3.243831
28 1 3.244024
28 5 3.243876
28 0 3.243754
28 9 3.243927
28 21 3.241820
28 11 3.243813
29 18 3.236341
29 24 3.236683
29 25 3.236722
29 27 3.236607
29 28 3.236709
29 26 3.236797
29 20 3.236514
29 15 3.236753
29 12 3.236496
29 3 3.236836
29 6 3.236637
29 2 3.224183
29 0 3.236628
29 17 3.233301
29 22 3.236358
29 14 3.236657
29 8 3.236671
29 16 3.236093
29 4 3.235487
29 11 3.236756
29 10 3.236610
29 21 3.234362
29 1 3.236787
29 7 3.236696
29 5 3.236796
29 13 3.236745
29 23 3.236455
29 9 3.223955
29 19 3.234553
30 29 3.457401
30 12 3.457229
30 24 3.457414
30 25 3.457454
30 26 3.457459
30 10 3.457461
30 28 3.457398
30 4 3.444752
30 5 3.448468
30 7 3.457575
30 16 3.457389
30 3 3.457363
30 23 3.457335
30 2 3.456943
30 15 3.457429
30 1 3.457502
30 11 3.457220
30 20 3.456900
30 6 3.457345
30 18 3.457157
30 0 3.457430
30 17 3.454340
30 14 3.457501
30 19 3.454958
30 22 3.457145
30 8 3.457335
30 21 3.455733
30 13 3.457385
30 9 3.457322
31 16 3.420096
31 26 3.420561
31 28 3.420531
31 22 3.420301
31 17 3.417947
31 27 3.420663
31 6 3.420519

31 10 3.418776
31 25 3.420585
31 4 3.420243

31 0 3.420541
31 5 3.420202
31 18 3.419960
31 19 3.417620
31 20 3.420116
31 12 3.420483
31 15 3.420625
31 7 3.420482
31 23 3.411789
31 2 3.420499
31 8 3.420571
31 21 3.417191
31 11 3.407967
31 3 3.408053
31 14 3.420433
31 9 3.420639
31 1 3.420640
31 13 3.420292
32 25 3.520343
32 26 3.520307
32 29 3.520156
32 24 3.520261
32 27 3.513806
32 31 3.520349
32 28 3.520297
32 30 3.520420
32 7 3.520408
32 6 3.520203
32 3 3.520175
32 1 3.520367
32 2 3.507867
32 16 3.520260
32 22 3.520197
32 5 3.520383
32 18 3.520325
32 15 3.514782
32 20 3.520221
32 10 3.520335
32 0 3.520071
32 14 3.520343
32 8 3.511751
32 13 3.520357
32 17 3.520203
32 9 3.520350
32 4 3.520202
32 12 3.520167
32 11 3.520291
32 23 3.519459
32 19 3.508817
32 21 3.520263
33 30 3.506536
33 31 3.506486
33 2 3.506432

33 3 3.506518

33 24 3.506504
33 29 3.506452
33 7 3.506562

33 13 3.506666
33 28 3.506490
33 32 3.506447
33 6 3.506143
33 12 3.506044
33 10 3.506641
33 8 3.500798
33 19 3.506601
33 9 3.493976
33 15 3.506562
33 21 3.506516
33 5 3.506524
33 18 3.506529
33 4 3.505871
33 16 3.506424
33 17 3.506653
33 14 3.506355
33 20 3.506471
33 0 3.506287
33 23 3.506634
33 11 3.506669
33 22 3.506409
34 28 3.773203
34 29 3.773007
34 26 3.773261
34 25 3.773140
34 24 3.773177
34 6 3.764590
34 31 3.773176
34 32 3.773263
34 30 3.773186
34 27 3.773192
34 33 3.773173
34 2 3.773023
34 4 3.773025
34 18 3.773144
34 8 3.773142
34 14 3.773152
34 22 3.772976
34 20 3.773159
34 10 3.772893
34 7 3.773222
34 13 3.760773
34 3 3.773213
34 12 3.760740
34 0 3.773155
34 21 3.773356
34 9 3.773286
34 17 3.773285
34 11 3.773142
34 5 3.773272
34 15 3.773152
34 19 3.773195
34 23 3.772624
34 1 3.773114
35 30 3.765637
35 25 3.765667
35 28 3.765610
35 26 3.765320
35 29 3.765701
35 34 3.765537
35 27 3.765595
35 4 3.765668

35 31 3.765680
35 33 3.765679
35 32 3.765658
35 20 3.765804
35 8 3.765835
35 22 3.765668
35 18 3.765084
35 10 3.759031
35 16 3.765652
35 0 3.765510
35 23 3.753077
35 21 3.765708
35 12 3.765716
35 3 3.765776
35 14 3.765672
35 1 3.765530
35 13 3.765775
35 2 3.763014
35 19 3.765786
35 5 3.765792
35 17 3.765709
35 7 3.765723
35 15 3.765839
35 11 3.753144
35 9 3.765815
36 33 3.928547
36 29 3.928377
36 26 3.928525
36 7 3.928507
36 34 3.928541
36 5 3.928568

36 27 3.928219
36 6 3.928515

36 18 3.927807
36 31 3.928500
36 23 3.928412
36 16 3.928439
36 35 3.928545
36 24 3.928491
36 2 3.928270
36 30 3.928562
36 1 3.928296
36 20 3.928511
36 11 3.928582
36 14 3.928261
36 9 3.928395
36 0 3.928346
36 8 3.928376
36 13 3.916320
36 22 3.928319
36 3 3.928434
36 17 3.928522
36 19 3.928412
36 15 3.921499
36 21 3.928376
37 27 3.909769
37 35 3.909918
37 29 3.909907
37 26 3.909812
37 25 3.909873
37 33 3.909818
37 31 3.909707
37 30 3.909806
37 32 3.909801
37 34 3.909762
37 28 3.909820
37 6 3.909934

37 2 3.897320

37 7 3.909949
37 18 3.909936
37 15 3.909892
37 22 3.909846
37 8 3.909694
37 12 3.909823
37 16 3.907646
37 4 3.903512
37 0 3.909908
37 20 3.910066
37 14 3.909844
37 17 3.909853
37 10 3.909903
37 5 3.909726
37 19 3.909955
37 3 3.899436
37 21 3.909944
37 9 3.909622
37 13 3.909872
37 11 3.897416
37 1 3.909807
37 23 3.909855
38 32 4.142816
38 28 4.142825
38 36 4.142764
38 30 4.142826
38 27 4.142904
38 26 4.142870
38 33 4.142918
38 37 4.142794
38 29 4.142902
38 8 4.142742

38 35 4.142821
38 19 4.130028
38 24 4.136934
38 7 4.142593

38 31 4.142624
38 23 4.142826
38 13 4.142682
38 9 4.142910
38 6 4.142731
38 22 4.142296
38 10 4.142939
38 2 4.142724
38 1 4.142596
38 14 4.142698
38 16 4.142796
38 17 4.142931
38 21 4.142880
38 20 4.142636
38 0 4.142795
38 12 4.142783
38 11 4.142652
38 5 4.142585
38 18 4.137995
38 4 4.142772
38 3 4.142811
38 15 4.142764
39 10 4.119800
39 12 4.120280
39 26 4.120197
39 30 4.120175
39 25 4.120145
39 27 4.119929
39 31 4.120175
39 35 4.120041
39 33 4.120049
39 29 4.120057
39 34 4.120003
39 37 4.119954
39 7 4.120089
39 19 4.120073
39 24 4.120103
39 38 4.120013
39 36 4.119972
39 21 4.120064
39 32 4.120098
39 0 4.119912
39 20 4.119964
39 14 4.120098
39 6 4.107103
39 23 4.120222
39 13 4.120146
39 2 4.120084
39 17 4.120066
39 22 4.119937
39 3 4.120149
39 5 4.120059
39 15 4.120226
39 9 4.120070
39 18 4.120046
39 8 4.120106
39 4 4.120173
39 11 4.119918
39 1 4.120107
40 35 4.316329
40 37 4.316183
40 33 4.316308
40 29 4.316268
40 26 4.310531
40 39 4.316253
40 24 4.316174
40 38 4.316313
40 34 4.316091
40 28 4.316185
40 16 4.303147
40 8 4.316214

40 36 4.316326
40 25 4.316118
40 22 4.316266
40 30 4.316266
40 9 4.316362

40 32 4.316077
40 0 4.316127
40 11 4.316243
40 2 4.316170
40 14 4.316346
40 4 4.311458
40 1 4.316232
40 19 4.316341
40 23 4.316244
40 17 4.316348
40 10 4.316165
40 12 4.316357
40 21 4.303474
40 15 4.316262
40 5 4.316152
40 6 4.316129
40 13 4.316227
40 7 4.316366
40 3 4.316155
41 2 4.353958
41 20 4.354061
41 23 4.354084
41 36 4.353948
41 18 4.354065
41 14 4.353890
41 35 4.353666
41 40 4.341603
41 39 4.354006
41 37 4.353850
41 15 4.354024
41 26 4.353974
41 34 4.353968
41 19 4.354110
41 25 4.354113
41 29 4.354006
41 0 4.353971
41 33 4.353961
41 7 4.354005

41 30 4.354023
41 17 4.354202
41 22 4.354101
41 11 4.354137
41 28 4.353939
41 10 4.353743
41 13 4.354102
41 16 4.353698
41 5 4.341666
41 3 4.354002
42 31 4.574637
42 33 4.574548
42 39 4.574694
42 26 4.574592
42 25 4.574742
42 24 4.574772
42 37 4.574468
42 36 4.574603
42 38 4.574257
42 29 4.574672
42 23 4.574660
42 22 4.574562
42 13 4.574618
42 12 4.574394
42 34 4.574644
42 27 4.574606
42 18 4.574732
42 20 4.574552
42 32 4.574447
42 4 4.574525
42 7 4.574581

42 16 4.574603
42 6 4.574721
42 10 4.574682
42 40 4.574534
42 19 4.574764
42 2 4.574573
42 17 4.574804
42 8 4.574310
42 14 4.574399
42 5 4.574713
42 0 4.574642
42 11 4.574785
42 21 4.574569
42 1 4.574242
42 3 4.574594
42 15 4.574789
42 9 4.554832
43 29 4.553747
43 21 4.542656
43 33 4.541734
43 19 4.541466
43 23 4.553700
43 22 4.553780
43 36 4.553406
43 16 4.553705
43 17 4.553741
43 30 4.553685
43 27 4.553816
43 2 4.553447
43 39 4.553617
43 20 4.546661
43 13 4.541397
43 0 4.553639
43 10 4.553361
43 32 4.553613
43 1 4.553694
43 4 4.553622
43 25 4.553786
43 41 4.553530
43 37 4.553761
43 12 4.553671
43 6 4.553505

43 26 4.553587
43 3 4.553638

43 5 4.553542

43 9 4.553637

43 24 4.553542
44 37 4.808264
44 27 4.808303
44 39 4.808061
44 24 4.802899
44 34 4.808299
44 26 4.808299
44 29 4.808374
44 28 4.808172
44 36 4.808171
44 40 4.808064
44 23 4.808356
44 22 4.808171
44 16 4.808181
44 2 4.807555
44 19 4.808233
44 32 4.808247
44 21 4.808248
44 38 4.808189
44 18 4.808280
44 30 4.797867
44 12 4.808374
44 13 4.808284
44 41 4.808243
44 1 4.807992

44 20 4.808282
44 42 4.807917
44 4 4.807915

44 17 4.808364
44 43 4.807968
44 33 4.795769
44 3 4.808271
44 5 4.794622
44 14 4.807682
44 6 4.807998
44 8 4.808208
44 0 4.808079
44 10 4.808201
44 15 4.808426
44 9 4.808264
44 7 4.807559
44 11 4.807807
45 33 4.786645
45 37 4.786883
45 29 4.786656
45 25 4.786895
45 40 4.786774
45 32 4.786901
45 20 4.786851
45 41 4.786511
45 22 4.786854
45 43 4.786911
45 18 4.786897
45 14 4.786916
45 44 4.786773
45 21 4.786820
45 39 4.786912
45 15 4.786779
45 31 4.786914
45 24 4.786582
45 2 4.782719
45 36 4.786563
45 6 4.786654

45 1 4.786587
45 28 4.780444
45 26 4.786855
45 0 4.786799
45 38 4.786578
45 30 4.786779
45 34 4.786543
45 23 4.780824
45 4 4.786877
45 9 4.786714
45 12 4.785668
45 5 4.786859
45 17 4.786901
45 8 4.781572
45 13 4.786803
45 11 4.786908
46 39 5.010575
46 33 5.010293
46 44 5.010409
46 42 5.010401
46 15 4.998252
46 26 5.010467
46 29 5.005168
46 17 5.010730
46 31 5.010470
46 16 5.010495
46 25 5.010619
46 43 5.010196
46 35 4.998177
46 18 5.010683
46 24 5.010445
46 38 4.998219
46 10 5.010562
46 41 5.010133
46 40 4.998110
46 5 5.010324
46 27 5.010576
46 4 5.010708

46 9 5.010502
46 36 5.010431
46 19 5.010521
46 34 5.010459
46 14 5.010507
46 32 5.010556
46 12 5.003249
46 30 5.010600
46 8 5.010103
46 45 5.010424
46 23 5.010615
46 1 5.010527
46 13 5.010616
46 11 5.010712
47 27 5.007115
47 35 5.007094
47 29 5.007044
47 25 5.007013
47 45 5.005252
47 37 5.006988
47 18 5.006981
47 4 5.007079
47 8 5.007117

47 41 5.006679
47 44 5.006993
47 43 5.006759
47 42 5.006312
47 10 5.007061
47 30 5.007073
47 2 5.006564
47 14 5.006877
47 36 5.006875
47 32 5.006887
47 22 5.007169
47 28 5.006856
47 0 5.006939
47 34 5.007154
47 21 5.007174
47 39 5.006781
47 33 5.006968
47 3 5.007197

47 24 4.994607
47 1 5.006951
47 17 5.007100
47 11 4.994339
47 7 5.006864
47 19 5.007110
47 9 5.006851
47 13 5.006887
47 5 5.007174
47 23 4.997538
48 21 5.221552
48 22 5.234326
48 17 5.234416
48 20 5.234231
48 27 5.234319
48 18 5.234340
48 41 5.233883
48 2 5.234066
48 35 5.234441
48 12 5.234300
48 3 5.234285

48 43 5.234092
48 16 5.234138
48 37 5.234104
48 11 5.234016
48 34 5.234371
48 45 5.233919
48 9 5.233970

48 23 5.234341
48 6 5.234187

48 47 5.221427
48 19 5.221574
48 24 5.234304
48 10 5.234147
48 39 5.234306
48 14 5.234266
48 4 5.233537
48 40 5.221503
48 8 5.221485

48 42 5.234279
48 7 5.234148

48 15 5.234228
48 26 5.234274
48 5 5.234301

48 13 5.234226
48 30 5.234377
48 46 5.234177
48 36 5.234311
2 0 0.812743
2 1 0.812415
3 1 0.936268
3 2 0.937118
3 0 0.937450
4 2 1.601874
4 3 1.605717
4 1 1.605531
4 0 1.605784
5 4 1.703206
5 3 1.703239
5 2 1.703422
5 0 1.703645
5 1 1.699614
6 5 2.421417
6 3 2.421766
6 4 2.414893
6 2 2.418154
6 1 2.421971
6 0 2.421770
7 5 2.529447
7 3 2.523838
7 2 2.529446
7 0 2.529930
7 1 2.529087
7 4 2.529408
7 6 2.528130
8 4 3.221786
8 7 3.221180
8 3 3.221223
8 5 3.215187
8 6 3.221709
8 2 3.227106
8 0 3.227261
8 1 3.223133
9 7 3.310148
9 2 3.310698
9 5 3.310652
9 4 3.310646
9 6 3.310658
9 1 3.311577
9 0 3.312528
9 3 3.307688
9 8 3.307964
10 4 4.036108
10 3 4.034680
10 1 4.036178
10 9 4.035165
10 5 4.036598
10 2 4.036040
10 6 4.034740
10 8 4.035871
10 7 4.035395
10 0 4.036627
11 6 4.127095
11 0 4.129957
11 5 4.124714
11 7 4.127820
11 9 4.128415
11 3 4.126620
11 4 4.128486
11 2 4.127876
11 10 4.124924
11 1 4.127409
11 8 4.127487
12 1 4.853387
12 0 4.853521
12 11 4.845595
12 4 4.838395
12 7 4.839448
12 3 4.852457
12 8 4.852692
12 2 4.853328
12 5 4.839373
12 9 4.852777
12 6 4.839357
12 10 4.847940
13 12 5.978650
13 1 5.976293
13 10 5.976115
13 3 5.976935
13 11 5.975707
13 7 5.976594
13 6 5.974292
13 8 5.975599
13 5 5.976770
13 0 5.978053
13 9 5.976198
13 4 5.977075
13 2 5.978409
14 13 6.702845
14 12 6.704397
14 3 6.703158
14 11 6.700519
14 6 6.700108
14 9 6.700688
14 5 6.700739
14 0 6.704383
14 7 6.700735
14 2 6.700183
14 8 6.699886
14 1 6.699841
14 4 6.700897
14 10 6.699947
15 12 6.646888
15 14 6.647097
15 13 6.644593
15 9 6.644284
15 3 6.646831
15 6 6.642560
15 4 6.644608
15 7 6.644786
15 5 6.644880
15 11 6.643822
15 8 6.644268
15 10 6.643700
15 0 6.647151
15 1 6.644382
15 2 6.647228
16 15 7.407950
16 14 7.407211
16 12 7.407294
16 13 7.407724
16 9 7.405913
16 0 7.409557
16 1 7.405408
16 5 7.403453
16 10 7.405566
16 7 7.408100
16 2 7.407676
16 11 7.404238
16 3 7.406010
16 4 7.408819
16 6 7.406623
16 8 7.405633
17 16 7.570531
17 12 7.578779
17 15 7.578231
17 14 7.578350
17 13 7.577933
17 1 7.581330
17 7 7.581405
17 8 7.581353
17 2 7.581028
17 10 7.581474
17 5 7.581489
17 3 7.581420
17 6 7.567157
17 11 7.581151
17 0 7.581793
17 9 7.581591
17 4 7.581692
18 17 8.252657
18 15 8.254386
18 14 8.247171
18 16 8.252124
18 13 8.249365
18 12 8.254100
18 5 8.250614
18 8 8.247938
18 11 8.248132
18 3 8.251319
18 10 8.248131
18 7 8.251773
18 2 8.251397
18 0 8.254976
18 1 8.246405
18 4 8.250784
18 6 8.248213
18 9 8.248008
19 15 8.248221
19 7 8.259122
19 1 8.260116
19 18 8.245680
19 0 8.261747
19 17 8.248667
19 16 8.261082
19 12 8.246510
19 14 8.248201
19 5 8.261421
19 10 8.260266
19 6 8.258878
19 13 8.248486
19 11 8.260220
19 8 8.259899
19 9 8.260124
19 2 8.262127
19 3 8.260778
19 4 8.260892
20 15 9.056563
20 14 9.056787
20 12 9.056848
20 19 9.052363
20 0 9.070344
20 6 9.062521
20 18 9.051089
20 10 9.065121
20 16 9.049631
20 7 9.066587
20 11 9.067317
20 4 9.068834
20 9 9.066582
20 5 9.063442
20 2 9.064858
20 1 9.066769
20 13 9.057275
20 8 9.067258
20 17 9.051630
20 3 9.065481
21 19 9.156114
21 18 9.158606
21 6 9.174673
21 17 9.156506
21 11 9.172096
21 7 9.175161
21 13 9.164083
21 10 9.175099
21 14 9.163976
21 12 9.163771
21 20 9.155396
21 1 9.159834
21 15 9.163867
21 5 9.175166
21 16 9.159357
21 8 9.175053
21 2 9.174668
21 0 9.174854
21 3 9.173496
21 9 9.175284
21 4 9.173772
22 5 9.907409
22 6 9.906765
22 9 9.908332
22 1 9.922413
22 14 9.922801
22 2 9.919657
22 18 9.908786
22 13 9.923040
22 8 9.908325
22 0 9.921989
22 11 9.903163
22 16 9.908459
22 12 9.922668
22 7 9.906870
22 15 9.903581
22 21 9.908611
22 20 9.908971
22 19 9.909158
22 17 9.906135
22 4 9.906682
22 10 9.898244
22 3 9.902452
23 17 9.977472
23 2 9.996204
23 10 9.977095
23 19 9.977591
23 0 9.996841
23 21 9.977787
23 7 9.990656
23 20 9.976739
23 11 9.990664
23 8 9.990457
23 1 9.996081
23 13 9.994122
23 22 9.976131
23 14 9.991171
23 3 9.993957
23 12 9.994153
23 16 9.977603
23 15 9.994241
23 18 9.977478
23 9 9.975839
23 5 9.992151
23 4 9.992669
23 6 9.990291
24 13 10.853716
24 23 10.853569
24 17 10.853669
24 5 10.854604
24 10 10.853650
24 4 10.854099
24 21 10.853521
24 16 10.853198
24 15 10.844832
24 14 10.852508
24 18 10.853954
24 2 10.848050
24 6 10.853292
24 20 10.853961
24 12 10.856651
24 22 10.853797
24 11 10.854141
24 7 10.853639
24 9 10.853524
24 3 10.853165
24 8 10.852791
24 19 10.854022
24 1 10.852854
24 0 10.857333
25 24 13.680002
25 10 13.690935
25 5 13.692207
25 3 13.705276
25 18 13.690209
25 6 13.706244
25 4 13.706138
25 0 13.705609
25 2 13.705648
25 17 13.690310
25 1 13.687959
25 20 13.691033
25 21 13.691448
25 9 13.689738
25 19 13.689258
25 7 13.706363
25 22 13.690533
25 23 13.690843
25 15 13.706307
25 13 13.706081
25 11 13.689802
25 8 13.690584
25 12 13.705890
25 14 13.705927
25 16 13.678876
26 25 14.638237
26 24 14.638157
26 2 14.640086
26 3 14.639392
26 19 14.635837
26 7 14.640446
26 20 14.639971
26 5 14.640213
26 4 14.639896
26 22 14.636699
26 8 14.639654
26 16 14.635902
26 21 14.640519
26 23 14.640713
26 15 14.640226
26 1 14.639979
26 14 14.640682
26 18 14.639561
26 13 14.640746
26 12 14.640239
26 0 14.640246
26 17 14.639919
26 9 14.639308
26 10 14.637952
26 6 14.638932
26 11 14.639867
27 25 14.545284
27 26 14.546772
27 24 14.547984
27 9 14.574612
27 14 14.575189
27 4 14.561297
27 12 14.578111
27 21 14.549472
27 0 14.581558
27 15 14.578072
27 23 14.549657
27 22 14.549993
27 13 14.577586
27 19 14.556754
27 18 14.552973
27 11 14.574212
27 17 14.556576
27 16 14.545936
27 20 14.549204
27 1 14.580665
27 2 14.569966
27 10 14.574206
27 3 14.545826
27 6 14.561529
27 7 14.560442
27 5 14.560898
27 8 14.574667
28 25 15.529726
28 27 15.532031
28 26 15.532373
28 24 15.532138
28 8 15.534119
28 4 15.534902
28 2 15.530240
28 9 15.534314
28 20 15.535038
28 21 15.534895
28 23 15.532804
28 5 15.534753
28 22 15.534834
28 14 15.534748
28 12 15.534969
28 13 15.534602
28 0 15.534606
28 1 15.534752
28 17 15.532036
28 16 15.529674
28 6 15.534437
28 18 15.533851
28 15 15.534353
28 3 15.526065
28 19 15.532989
28 10 15.534828
28 7 15.533188
28 11 15.535014
29 27 15.346682
29 28 15.332279
29 24 15.347220
29 25 15.346689
29 7 15.348924
29 26 15.345852
29 1 15.349567
29 2 15.349788
29 14 15.348948
29 3 15.347973
29 21 15.349019
29 23 15.334196
29 4 15.348949
29 10 15.342326
29 22 15.339484
29 8 15.348380
29 19 15.348436
29 18 15.347711
29 0 15.348903
29 5 15.349344
29 20 15.349432
29 9 15.349435
29 17 15.348354
29 11 15.349015
29 6 15.348929
29 15 15.349365
29 12 15.349151
29 13 15.349579
29 16 15.332527
30 24 16.337408
30 25 16.331616
30 27 16.336548
30 26 16.336970
30 29 16.334850
30 28 16.335271
30 4 16.346547
30 3 16.342653
30 12 16.345452
30 10 16.337529
30 14 16.338863
30 20 16.341110
30 17 16.324969
30 7 16.340132
30 8 16.336970
30 21 16.340980
30 5 16.346586
30 13 16.344829
30 22 16.337371
30 0 16.346950
30 9 16.332808
30 18 16.338824
30 11 16.326308
30 6 16.336378
30 1 16.342773
30 19 16.338137
30 23 16.339649
30 2 16.339742
30 15 16.338790
30 16 16.334480
31 28 16.171207
31 24 16.169561
31 29 16.164690
31 25 16.170916
31 26 16.169918
31 27 16.170950
31 30 16.172577
31 4 16.162038
31 12 16.179941
31 3 16.173449
31 19 16.174419
31 7 16.161766
31 0 16.180260
31 6 16.162581
31 2 16.163975
31 21 16.173798
31 10 16.167723
31 8 16.173140
31 11 16.159200
31 18 16.176718
31 14 16.174379
31 16 16.169620
31 15 16.157439
31 9 16.172627
31 5 16.162458
31 1 16.178863
31 22 16.174050
31 13 16.180154
31 20 16.173956
31 23 16.174340
31 17 16.160397
32 25 17.201483
32 28 17.183928
32 29 17.201915
32 30 17.200676
32 26 17.191795
32 31 17.201463
32 27 17.201910
32 24 17.201995
32 12 17.181600
32 13 17.198951
32 9 17.198756
32 7 17.203454
32 3 17.204051
32 4 17.203696
32 0 17.203690
32 8 17.199860
32 15 17.198965
32 23 17.182839
32 18 17.203685
32 2 17.203664
32 22 17.202405
32 20 17.203179
32 19 17.195400
32 5 17.203218
32 10 17.189123
32 1 17.203588
32 16 17.203699
32 21 17.203652
32 11 17.190403
32 14 17.180773
32 17 17.192733
32 6 17.202080
33 31 17.087862
33 27 17.070219
33 18 17.095498
33 32 17.094127
33 24 17.094343
33 28 17.085531
33 29 17.085706
33 25 17.081707
33 26 17.076999
33 3 17.089497
33 17 17.089658
33 14 17.077713
33 4 17.095026
33 20 17.095664
33 7 17.089493
33 19 17.089764
33 0 17.091732
33 15 17.072244
33 16 17.096869
33 13 17.083242
33 21 17.087183
33 10 17.074807
33 9 17.079807
33 12 17.077289
33 22 17.095963
33 8 17.078362
33 23 17.089555
33 1 17.083929
33 2 17.095606
33 6 17.095170
33 11 17.068013
33 5 17.087141
34 26 17.913668
34 25 17.900293
34 33 17.908666
34 29 17.909415
34 24 17.924100
34 27 17.908591
34 30 17.921386
34 32 17.923485
34 31 17.907082
34 28 17.914028
34 12 17.906597
34 7 17.910875
34 10 17.911678
34 21 17.910213
34 22 17.918734
34 6 17.922753
34 3 17.910725
34 23 17.910083
34 14 17.905709
34 13 17.907424
34 17 17.910417
34 16 17.931991
34 19 17.910662
34 18 17.924476
34 20 17.923530
34 9 17.897685
34 4 17.922680
34 8 17.921503
34 11 17.906389
34 2 17.931034
34 5 17.909249
34 0 17.921801
34 1 17.906689
35 25 18.253162
35 33 18.251359
35 30 18.252573
35 29 18.246583
35 24 18.252965
35 31 18.244272
35 32 18.252646
35 34 18.252337
35 26 18.245470
35 27 18.251899
35 12 18.250310
35 28 18.251910
35 11 18.250278
35 17 18.245909
35 14 18.250181
35 19 18.255197
35 13 18.246706
35 16 18.254953
35 9 18.250701
35 7 18.255587
35 8 18.250421
35 15 18.249720
35 18 18.255066
35 20 18.254834
35 21 18.245518
35 1 18.250504
35 4 18.255441
35 2 18.250149
35 6 18.255594
35 22 18.255402
35 10 18.243047
35 3 18.255386
35 0 18.250635
35 5 18.251555
35 23 18.254926
36 29 19.017198
36 24 19.017295
36 33 19.019772
36 25 19.017403
36 32 19.017588
36 27 19.007013
36 2 19.014998
36 30 19.016177
36 26 19.015755
36 35 19.016099
36 34 19.017503
36 28 19.016955
36 31 19.016129
36 13 19.003826
36 0 19.016165
36 4 19.021668
36 8 19.015039
36 20 19.017882
36 19 19.018418
36 15 19.001191
36 9 18.993774
36 17 19.022228
36 10 19.014804
36 21 19.012353
36 12 19.015632
36 16 19.020296
36 1 19.002173
36 3 19.013311
36 7 19.020547
36 23 19.020818
36 14 19.001511
36 22 19.016950
36 11 19.004766
36 18 19.017902
36 6 19.017101
37 29 19.555899
37 27 19.533183
37 26 19.531548
37 32 19.555764
37 36 19.555012
37 28 19.543148
37 30 19.552311
37 33 19.550293
37 25 19.554655
37 24 19.555498
37 34 19.554738
37 35 19.547456
37 31 19.555239
37 4 19.552961
37 0 19.554218
37 5 19.558324
37 17 19.543570
37 2 19.552211
37 6 19.555054
37 18 19.557010
37 7 19.557314
37 16 19.551542
37 19 19.540586
37 13 19.553585
37 20 19.558601
37 11 19.531027
37 22 19.555013
37 15 19.553046
37 12 19.540651
37 10 19.530220
37 1 19.551534
37 23 19.557765
37 9 19.551979
37 3 19.553255
37 8 19.533442
37 21 19.544556
37 14 19.537509
38 24 20.516348
38 29 20.515749
38 27 20.504444
38 30 20.514279
38 36 20.515898
38 37 20.515976
38 32 20.517631
38 33 20.516053
38 35 20.503971
38 15 20.502374
38 28 20.515976
38 7 20.505670
38 31 20.504580
38 11 20.502312
38 12 20.513764
38 25 20.516556
38 9 20.514139
38 26 20.515517
38 3 20.501550
38 14 20.497061
38 23 20.506044
38 13 20.513516
38 6 20.514844
38 1 20.510600
38 20 20.503909
38 10 20.513469
38 8 20.511469
38 4 20.513362
38 19 20.504363
38 0 20.515826
38 22 20.515307
38 17 20.503444
38 18 20.510383
38 16 20.519595
38 5 20.513043
38 21 20.510892
38 2 20.513349
39 33 20.456628
39 29 20.456447
39 31 20.429589
39 25 20.450830
39 36 20.455865
39 38 20.456854
39 17 20.459092
39 28 20.447822
39 37 20.456557
39 27 20.447084
39 30 20.455702
39 26 20.439714
39 34 20.455946
39 35 20.436803
39 1 20.441918
39 24 20.446186
39 13 20.437990
39 32 20.456133
39 11 20.444638
39 12 20.454411
39 20 20.458334
39 16 20.459097
39 22 20.458006
39 6 20.454251
39 14 20.454041
39 7 20.447711
39 4 20.453850
39 2 20.454064
39 23 20.447955
39 19 20.447691
39 18 20.457979
39 15 20.427719
39 21 20.458804
39 5 20.441707
39 3 20.435314
39 8 20.443834
39 10 20.436620
39 9 20.448623
39 0 20.454212
40 38 21.133410
40 10 21.117913
40 35 21.114645
40 39 21.114489
40 25 21.132708
40 12 21.131769
40 29 21.133163
40 27 21.110287
40 34 21.133923
40 26 21.119710
40 32 21.133042
40 28 21.133617
40 31 21.099607
40 19 21.123480
40 16 21.125197
40 17 21.124376
40 30 21.133010
40 8 21.131308

40 9 21.131498

40 2 21.131786

40 20 21.134585
40 0 21.101203
40 7 21.120654
40 15 21.097684
40 14 21.131120
40 13 21.131276
40 21 21.135984
40 22 21.135750
40 23 21.123309
40 18 21.125460
40 5 21.131699
40 3 21.110846
40 6 21.102270
41 15 21.090321
41 37 21.087388
41 29 21.079527
41 39 21.095235
41 23 21.095764
41 12 21.077351
41 9 21.092904
41 27 21.095601
41 11 21.092821
41 17 21.100542
41 28 21.095156
41 40 21.094791
41 24 21.093225
41 38 21.094334
41 32 21.100267
41 33 21.085051
41 35 21.095024
41 31 21.091156
41 1 21.094600
41 36 21.096088
41 34 21.096465
41 25 21.093974
41 26 21.094870
41 6 21.092617
41 20 21.097221
41 16 21.100989
41 13 21.085437
41 7 21.092013
41 18 21.096502
41 14 21.093285
41 4 21.094055
41 2 21.093621
41 21 21.089071
41 0 21.099467
41 5 21.084412
42 36 21.915613
42 28 21.905223
42 39 21.903345
42 41 21.910315
42 37 21.907945
42 38 21.909466
42 40 21.915397
42 35 21.915459
42 26 21.911148
42 33 21.914831
42 34 21.902581
42 25 21.913315
42 32 21.915551
42 31 21.913377
42 30 21.909745
42 12 21.902692
42 27 21.914469
42 16 21.917642
42 29 21.915391
42 1 21.913719
42 20 21.917469
42 11 21.913816
42 8 21.912946
42 22 21.912261
42 21 21.917909
42 14 21.908148
42 5 21.905728
42 19 21.916685
42 9 21.910926
42 23 21.915005
42 2 21.900150
42 18 21.911886
42 7 21.902966
42 13 21.913853
42 15 21.911318
42 3 21.913845
42 6 21.907303
42 4 21.913272
42 10 21.909219
42 0 21.913882
43 41 22.009500
43 40 21.989628
43 26 22.009638
43 34 22.010335
43 42 21.988496
43 32 22.010715
43 27 21.987208
43 22 22.000761
43 29 22.010608
43 5 22.008736
43 30 22.010477
43 8 21.989834
43 24 22.010134
43 14 22.008996
43 16 22.012076
43 23 22.001845
43 25 21.995095
43 31 22.000230
43 19 22.011262
43 35 22.010325
43 12 21.995341
43 39 21.991566
43 33 22.010285
43 13 21.991091
43 37 22.002358
43 10 21.989164
43 38 22.010453
43 36 22.010977
43 11 21.986031
43 15 21.998355
43 2 22.007013
43 4 22.008390
43 1 22.008490
43 3 22.007869
43 7 21.990028
43 9 21.994507
43 18 21.999746
43 20 22.012059
43 0 22.008513
43 17 22.000802
43 21 22.012027
44 39 22.823092
44 2 22.822274
44 7 22.822279
44 1 22.822121
44 15 22.823122
44 8 22.821122
44 21 22.827406
44 16 22.816198
44 18 22.827741
44 6 22.807453
44 37 22.824768
44 23 22.827204
44 36 22.824951
44 13 22.822772
44 41 22.824491
44 5 22.821908

44 31 22.825093
44 9 22.821726
44 0 22.822599

44 24 22.822111
44 29 22.824726
44 27 22.822225
44 14 22.809429
44 22 22.827344
44 12 22.813894
44 19 22.827757
44 33 22.824401
44 32 22.824691
44 3 22.823015
44 10 22.807190
44 17 22.817111
44 11 22.821472
44 20 22.827316
44 25 22.822302
44 43 22.824572
44 40 22.824372
44 34 22.823953
44 26 22.823822
45 22 22.763957
45 15 22.751550
45 17 22.764958
45 20 22.754154
45 25 22.761979
45 33 22.763360
45 27 22.745769
45 31 22.750421
45 24 22.744125
45 43 22.762775
45 37 22.742289
45 26 22.741236
45 18 22.765193
45 12 22.747448
45 23 22.750554
45 13 22.748304
45 1 22.747991
45 32 22.762661
45 11 22.745281
45 44 22.748249
45 36 22.763449
45 34 22.760648
45 39 22.747347
45 2 22.753309

45 29 22.749327
45 40 22.741452
45 14 22.739906
45 41 22.743518
45 38 22.753254
45 9 22.744290

45 4 22.760700
45 8 22.741446
45 5 22.738577
45 10 22.738524
45 21 22.751391
45 19 22.764982
46 42 23.767973
46 43 23.772001
46 41 23.758173
46 40 23.769636
46 39 23.772559
46 36 23.770448
46 38 23.771424
46 44 23.769023
46 29 23.759244
46 26 23.771176
46 32 23.771688
46 2 23.769190
46 45 23.770661
46 34 23.771198
46 18 23.775189
46 23 23.775044
46 3 23.767955

46 24 23.763435
46 9 23.758244

46 14 23.759582
46 17 23.774680
46 27 23.759398
46 28 23.771176
46 30 23.761896
46 33 23.772262
46 21 23.774879
46 1 23.769731
46 5 23.769144
46 13 23.758738
46 15 23.769821
46 16 23.770538
46 0 23.769955
46 4 23.758928
46 11 23.756668
46 7 23.768992
46 10 23.769358
46 12 23.767658
46 6 23.768880
47 29 23.729114
47 26 23.718136
47 14 23.732117
47 12 23.717014
47 43 23.730025
47 25 23.734332
47 4 23.719284

47 45 23.726889
47 39 23.731908
47 0 23.731218
47 24 23.743280
47 11 23.729361
47 15 23.729601
47 8 23.731866
47 10 23.717141
47 17 23.746495
47 37 23.722225
47 33 23.734330
47 27 23.732313
47 28 23.718245
47 32 23.733537
47 23 23.720515
47 18 23.736393
47 30 23.731461
47 5 23.718380

47 34 23.734298
47 3 23.725926
47 6 23.720059

47 40 23.732990
47 21 23.731057
47 7 23.729991

47 16 23.745591
47 22 23.734887
47 1 23.721463
47 13 23.726380
47 19 23.725260
48 12 25.728853
48 47 25.724635
48 17 25.740644
48 16 25.739531
48 36 25.729710
48 19 25.737762
48 42 25.729810
48 34 25.724257
48 7 25.735403
48 14 25.728813
48 13 25.726581
48 24 25.731407
48 29 25.729115
48 18 25.738485
48 22 25.739769
48 23 25.740551
48 45 25.727161
48 0 25.735801
48 21 25.739982
48 15 25.727985
48 41 25.737101
48 5 25.735578

48 44 25.730730
48 8 25.727025

48 11 25.728062
48 2 25.723017

48 27 25.727490
48 38 25.737981
48 40 25.729079
48 10 25.727674
48 6 25.734920

